
A =

   1.0e+04 *

  Columns 1 through 17

    0.0215    0.0039    0.0043    0.0073    0.0152    0.0263    0.0030    0.0116    0.0014    0.0061    0.0025    0.0884    0.0038    0.0130    0.0449    0.0149    0.0060
    0.0026    0.0003    0.0001    0.0005    0.0010    0.0014    0.0001    0.0009    0.0002    0.0003    0.0002         0    0.0001    0.0003         0    0.0026    0.0011
    0.0011    0.0001    0.0000    0.0003    0.0011    0.0021    0.0000    0.0000    0.0000    0.0003    0.0000    0.0100    0.0000    0.0000    0.0050    0.0004    0.0000
         0    0.0009    0.0010    0.0007    0.0001    0.0004    0.0008    0.0020    0.0002    0.0005    0.0005         0    0.0009    0.0028    0.0003         0    0.0006
    0.0007    0.0036    0.0027    0.0010    0.0042    0.0493    0.0011    0.0019    0.0036    0.0119    0.0005    0.0000    0.0020    0.0010         0    0.0017    0.0020
    0.0003    0.0001    0.0001    0.0001    0.0001    0.0001    0.0000    0.0003    0.0001    0.0000    0.0001    0.0000    0.0000    0.0001         0    0.0001    0.0002
    0.0027    0.0020    0.0015    0.0004    0.0009    0.0019    0.0008    0.0036    0.0006    0.0013    0.0010    0.0000    0.0010    0.0012         0    0.0033    0.0040
    0.0211    0.0056    0.0044    0.0030    0.0148    0.0337    0.0009    0.0180    0.0045    0.0093    0.0104    0.0001    0.0033    0.0043         0    0.0295    0.0130
    0.0367    0.0317    0.0323    0.0045    0.0101    0.0062    0.0129    0.0369    0.0290    0.0152    0.0370         0    0.0157    0.0035    0.0008    0.0414    0.0212
    0.0069    0.0021    0.0035    0.0354    0.0270    0.1116         0    0.0002    0.0008    0.0049    0.0004    0.0000    0.0003    0.0001    0.0001    0.0086    0.5586
    0.5290    0.0000    0.0000    0.0000    0.0001    0.0003    0.0000    0.0001    0.0000    0.0000    0.0001    0.0000    0.0000    0.0000         0    0.0001    0.0000
    0.0000    0.0000    0.0000    0.0000    0.0000    0.0000    0.0000    0.0000    0.0000    0.0000    0.0000         0    0.0000    0.0000         0    0.0000    0.0000
         0    0.0062    0.0009         0         0         0    0.0038    0.0001    0.0024    0.0001    0.0003         0    0.0006         0         0         0         0
    0.0000    0.0000    0.0000    0.0000    0.0000    0.0000    0.0000    0.0000    0.0000    0.0000    0.0000         0    0.0000    0.0000         0    0.0000    0.0000
    0.0000    0.0000    0.0000    0.0000    0.0000    0.0001    0.0000    0.0000    0.0000    0.0000    0.0000         0    0.0000    0.0000         0    0.0000    0.0000
    0.0005    0.0001    0.0001    0.0002    0.0000    0.0001    0.0000    0.0001    0.0001    0.0000    0.0004         0    0.0000    0.0001         0    0.0009    0.0004
    0.0000    0.0000    0.0000    0.0015    0.0001    0.0001    0.0000    0.0001    0.0000    0.0000    0.0002         0    0.0000    0.0000         0    0.0001    0.0000
    0.0000    0.0000    0.0147    0.0000    0.0000    0.0000    0.0000    0.0000    0.0000    0.0000    0.0000         0    0.0000    0.0000         0    0.0000    0.0000
    0.0002         0         0    0.0000    0.0001    0.0002         0         0         0    0.0000         0         0         0         0         0    0.0003         0
         0    0.0719    2.8129    0.0509    0.0654    0.0447    0.0259    0.0008    0.2600    0.0126         0         0         0         0         0    0.0136         0

  Columns 18 through 20

    0.0023    0.0021    0.0201
    0.0003    0.0001    0.0003
    0.0000    0.0000    0.0011
    0.0004    0.0005    0.0024
    0.0136    0.0005    0.0128
    0.0004    0.0000    0.0000
    0.0087    0.0011    0.0014
    0.0056    0.0024    0.0105
    0.0466    0.0222    0.0199
    0.0070    0.0009    0.0080
    0.0001    0.0000    0.0001
    0.0000    0.0000    0.0000
    0.0010    0.0019    0.0001
    0.0000    0.0000    0.0000
    0.0000    0.0000    0.0000
    0.0000    0.0001    0.0000
    0.0000    0.0000    0.0001
    0.0000    0.0000    0.0000
         0         0    0.0000
    0.8190    0.0623    0.0409


D =

  Columns 1 through 17

    1.7000         0         0         0         0         0         0         0         0         0         0         0         0         0         0         0         0
         0    0.7800         0         0         0         0         0         0         0         0         0         0         0         0         0         0         0
         0         0    0.6100         0         0         0         0         0         0         0         0         0         0         0         0         0         0
         0         0         0    2.4000         0         0         0         0         0         0         0         0         0         0         0         0         0
         0         0         0         0    0.6100         0         0         0         0         0         0         0         0         0         0         0         0
         0         0         0         0         0    0.3800         0         0         0         0         0         0         0         0         0         0         0
         0         0         0         0         0         0    1.2300         0         0         0         0         0         0         0         0         0         0
         0         0         0         0         0         0         0    1.9800         0         0         0         0         0         0         0         0         0
         0         0         0         0         0         0         0         0    0.2800         0         0         0         0         0         0         0         0
         0         0         0         0         0         0         0         0         0    2.4400         0         0         0         0         0         0         0
         0         0         0         0         0         0         0         0         0         0    0.3500         0         0         0         0         0         0
         0         0         0         0         0         0         0         0         0         0         0    0.1350         0         0         0         0         0
         0         0         0         0         0         0         0         0         0         0         0         0    1.1000         0         0         0         0
         0         0         0         0         0         0         0         0         0         0         0         0         0    1.5800         0         0         0
         0         0         0         0         0         0         0         0         0         0         0         0         0         0    2.5000         0         0
         0         0         0         0         0         0         0         0         0         0         0         0         0         0         0    1.2400         0
         0         0         0         0         0         0         0         0         0         0         0         0         0         0         0         0    0.1800
         0         0         0         0         0         0         0         0         0         0         0         0         0         0         0         0         0
         0         0         0         0         0         0         0         0         0         0         0         0         0         0         0         0         0
         0         0         0         0         0         0         0         0         0         0         0         0         0         0         0         0         0

  Columns 18 through 20

         0         0         0
         0         0         0
         0         0         0
         0         0         0
         0         0         0
         0         0         0
         0         0         0
         0         0         0
         0         0         0
         0         0         0
         0         0         0
         0         0         0
         0         0         0
         0         0         0
         0         0         0
         0         0         0
         0         0         0
    1.8000         0         0
         0    1.2300         0
         0         0    0.6600


N =

   1.0e+04 *

  Columns 1 through 17

    0.0365    0.0030    0.0026    0.0175    0.0093    0.0100    0.0037    0.0230    0.0004    0.0150    0.0009    0.0119    0.0042    0.0205    0.1122    0.0185    0.0011
    0.0044    0.0002    0.0001    0.0013    0.0006    0.0005    0.0001    0.0018    0.0000    0.0008    0.0001         0    0.0001    0.0004         0    0.0032    0.0002
    0.0020    0.0000    0.0000    0.0006    0.0007    0.0008    0.0000    0.0001    0.0000    0.0008    0.0000    0.0014    0.0000    0.0000    0.0125    0.0005    0.0000
         0    0.0007    0.0006    0.0017    0.0001    0.0002    0.0009    0.0040    0.0001    0.0011    0.0002         0    0.0009    0.0045    0.0006         0    0.0001
    0.0012    0.0028    0.0016    0.0024    0.0026    0.0187    0.0014    0.0038    0.0010    0.0291    0.0002    0.0000    0.0022    0.0016         0    0.0021    0.0004
    0.0005    0.0001    0.0000    0.0001    0.0001    0.0000    0.0000    0.0007    0.0000    0.0000    0.0000    0.0000    0.0000    0.0002         0    0.0001    0.0000
    0.0046    0.0016    0.0009    0.0010    0.0005    0.0007    0.0010    0.0071    0.0002    0.0033    0.0003    0.0000    0.0011    0.0019         0    0.0041    0.0007
    0.0359    0.0044    0.0027    0.0072    0.0090    0.0128    0.0011    0.0356    0.0013    0.0228    0.0036    0.0000    0.0036    0.0068         0    0.0366    0.0023
    0.0624    0.0247    0.0197    0.0108    0.0062    0.0023    0.0159    0.0731    0.0081    0.0370    0.0129         0    0.0173    0.0055    0.0019    0.0513    0.0038
    0.0117    0.0016    0.0021    0.0850    0.0165    0.0424         0    0.0004    0.0002    0.0120    0.0001    0.0000    0.0003    0.0002    0.0001    0.0107    0.1005
    0.8993    0.0000    0.0000    0.0001    0.0001    0.0001    0.0000    0.0003    0.0000    0.0001    0.0000    0.0000    0.0000    0.0001         0    0.0001    0.0000
    0.0000    0.0000    0.0000    0.0000    0.0000    0.0000    0.0000    0.0000    0.0000    0.0000    0.0000         0    0.0000    0.0000         0    0.0000    0.0000
         0    0.0048    0.0006         0         0         0    0.0047    0.0003    0.0007    0.0002    0.0001         0    0.0007         0         0         0         0
    0.0000    0.0000    0.0000    0.0000    0.0000    0.0000    0.0000    0.0000    0.0000    0.0000    0.0000         0    0.0000    0.0000         0    0.0000    0.0000
    0.0000    0.0000    0.0000    0.0000    0.0000    0.0000    0.0000    0.0000    0.0000    0.0000    0.0000         0    0.0000    0.0000         0    0.0000    0.0000
    0.0008    0.0000    0.0001    0.0004    0.0000    0.0000    0.0000    0.0002    0.0000    0.0000    0.0001         0    0.0000    0.0002         0    0.0011    0.0001
    0.0001    0.0000    0.0000    0.0036    0.0001    0.0000    0.0000    0.0001    0.0000    0.0001    0.0001         0    0.0000    0.0001         0    0.0001    0.0000
    0.0001    0.0000    0.0090    0.0000    0.0000    0.0000    0.0000    0.0000    0.0000    0.0000    0.0000         0    0.0000    0.0000         0    0.0000    0.0000
    0.0004         0         0    0.0000    0.0000    0.0001         0         0         0    0.0001         0         0         0         0         0    0.0004         0
         0    0.0561    1.7159    0.1222    0.0399    0.0170    0.0319    0.0016    0.0728    0.0307         0         0         0         0         0    0.0169         0

  Columns 18 through 20

    0.0041    0.0026    0.0133
    0.0005    0.0001    0.0002
    0.0000    0.0000    0.0007
    0.0007    0.0006    0.0016
    0.0245    0.0006    0.0084
    0.0006    0.0001    0.0000
    0.0157    0.0014    0.0009
    0.0101    0.0030    0.0069
    0.0839    0.0273    0.0131
    0.0126    0.0011    0.0053
    0.0001    0.0000    0.0000
    0.0000    0.0000    0.0000
    0.0018    0.0023    0.0000
    0.0000    0.0000    0.0000
    0.0000    0.0000    0.0000
    0.0001    0.0001    0.0000
    0.0000    0.0000    0.0000
    0.0000    0.0000    0.0000
         0         0    0.0000
    1.4742    0.0766    0.0270


O =

    6.0651


G =

    7.7851


B =

  575.0000
   50.0000
    6.0000
    3.5000


I =

  365.5000  119.3400   41.8000   10.8000
   44.2000         0    1.2760    1.8918
         0         0    9.4930    1.0026
         0         0    7.0400         0


S =

    1.0622
    1.2753
    0.4972
    1.2771


car_I =

     4


car_IB =

     4


quant_steak =

    1.0622


quant_oil =

    1.2753


quant_onion =

    0.4972


quant_sauce =

    1.2771


V =

   1.0e+04 *

    0.2884
    0.0210
    0.0114
    0.0266
    0.1533
    0.0044
    0.0774
    0.2855
    0.7638
    0.3040
    1.8000
    0.0003
    0.0340
    0.0003
    0.0004
    0.0046
    0.0046
    0.0184
    0.0015
    7.1275


C =

    2.0001
    5.5887
    1.9991
    1.0064
    1.1405
   -0.6150
    0.2620
    0.7606
    3.1879
    2.0345
    1.7633
    5.5405
    3.2058
    1.9478
   -0.3664
    1.0574
    1.1992
    2.0435
   -1.8515
    1.2319


E =

    2.0000
    6.0000
    2.0000
    1.0000
    1.0000
         0
         0
    0.7500
    3.0000
    2.0000
    2.0000
    5.0000
    3.0000
    2.0000
         0
    1.0000
    1.0000
    2.0000
         0
    1.0000


R =

   1.0e+04 *

    0.3279
    0.0212
    0.0155
    0.0276
    0.1616
    0.0045
    0.0791
    0.2935
    0.8074
    0.3071
    1.8000
    0.0003
    0.0388
    0.0003
    0.0004
    0.0048
    0.0047
    0.0184
    0.0015
    7.2036

